0.09999999999999987
0.29999999999999993
0.19999999999999996
0.09999999999999998
0.125
0.09999999999999998
0.09999999999999998
0.125
0.19999999999999996
0.125
0.19999999999999996
0.125
0.125
0.125
0.09999999999999998
0.19999999999999996
0.19999999999999996
0.125
0.125
0.19999999999999996
0.19999999999999996
0.19999999999999996
0.19999999999999996
0.19999999999999996
0.19999999999999996
0.22499999999999998
0.29999999999999993
0.19999999999999996
0.19999999999999996
0.19999999999999996
0.09999999999999998
0.125
0.19999999999999996
0.22499999999999998
0.22499999999999998
0.19999999999999996
0.19999999999999996
0.0
0.0
0.19999999999999996
0.22499999999999998
0.22499999999999998
0.22499999999999998
0.19999999999999996
0.19999999999999996
0.125
0.09999999999999998
0.125
0.09999999999999998
0.22499999999999998
0.29999999999999993
0.29999999999999993
0.29999999999999993
0.29999999999999993
0.29999999999999993
0.29999999999999993
0.19999999999999996
0.125
0.19999999999999996
0.19999999999999996
0.19999999999999996
0.19999999999999996
0.22499999999999998
0.19999999999999996
0.125
0.29999999999999993
0.22499999999999998
0.22499999999999998
0.22499999999999998
0.19999999999999996
0.19999999999999996
0.09999999999999998
0.19999999999999996
0.19999999999999996
0.125
0.09999999999999998
0.09999999999999998
0.22499999999999998
0.125
0.22499999999999998
0.22499999999999998
0.22499999999999998
0.22499999999999998
0.19999999999999996
0.19999999999999996
0.22499999999999998
0.125
0.19999999999999996
0.19999999999999996
0.29999999999999993
0.29999999999999993
0.29999999999999993
0.29999999999999993
0.29999999999999993
0.29999999999999993
0.29999999999999993
0.29999999999999993
0.22499999999999998
0.19999999999999996
0.22499999999999998
0.22499999999999998
0.22499999999999998
0.15000000000000002
0.22499999999999998
0.125
0.125
0.09999999999999998
0.09999999999999998
0.09999999999999998
0.09999999999999998
0.19999999999999996
0.19999999999999996
0.19999999999999996
0.19999999999999996
0.125
0.22499999999999998
0.22499999999999998
0.29999999999999993
0.29999999999999993
0.19999999999999996
0.19999999999999996
0.19999999999999996
0.19999999999999996
0.19999999999999996
0.19999999999999996
0.19999999999999996
0.22499999999999998
0.29999999999999993
0.39999999999999997
0.39999999999999997
0.32499999999999996
0.29999999999999993
0.29999999999999993
0.29999999999999993
0.29999999999999993
0.29999999999999993
0.29999999999999993
0.19999999999999996
0.19999999999999996
0.29999999999999993
0.29999999999999993
0.22499999999999998
0.22499999999999998
0.29999999999999993
0.19999999999999996
0.19999999999999996
0.19999999999999996
0.29999999999999993
0.29999999999999993
0.29999999999999993
0.22499999999999998
0.22499999999999998
0.29999999999999993
0.22499999999999998
0.19999999999999996
0.19999999999999996
0.22499999999999998
0.19999999999999996
0.19999999999999996
0.19999999999999996
0.19999999999999996
0.19999999999999996
0.22499999999999998
0.22499999999999998
0.19999999999999996
0.19999999999999996
0.125
0.19999999999999996
0.19999999999999996
0.19999999999999996
0.19999999999999996
0.19999999999999996
0.19999999999999996
0.19999999999999996
0.22499999999999998
0.19999999999999996
0.15000000000000002
0.19999999999999996
0.22499999999999998
0.19999999999999996
0.22499999999999998
0.29999999999999993
0.29999999999999993
0.22499999999999998
0.29999999999999993
0.22499999999999998
0.19999999999999996
0.19999999999999996
0.19999999999999996
0.19999999999999996
0.19999999999999996
0.22499999999999998
0.32499999999999996
0.22499999999999998
0.25
0.22499999999999998
0.19999999999999996
0.19999999999999996
0.22499999999999998
0.19999999999999996
0.19999999999999996
0.19999999999999996
0.29999999999999993
0.19999999999999996
0.22499999999999998
0.22499999999999998
0.29999999999999993
0.19999999999999996
0.22499999999999998
0.29999999999999993
0.19999999999999996
0.125
0.09999999999999998
0.09999999999999998
0.125
0.125
0.19999999999999996
0.125
0.125
0.19999999999999996
0.19999999999999996
0.19999999999999996
0.22499999999999998
0.125
0.19999999999999996
0.19999999999999996
0.15000000000000002
0.125
0.29999999999999993
0.22499999999999998
0.22499999999999998
0.22499999999999998
0.29999999999999993
0.29999999999999993
0.22499999999999998
0.22499999999999998
0.25
0.3
0.22499999999999998
0.22499999999999998
0.29999999999999993
0.22499999999999998
0.29999999999999993
0.22499999999999998
0.22499999999999998
0.19999999999999996
0.22499999999999998
0.22499999999999998
0.22499999999999998
0.19999999999999996
0.22499999999999998
0.19999999999999996
0.22499999999999998
0.125
0.09999999999999998
0.125
0.20000000000000007
0.125
0.25
0.30000000000000004
0.19999999999999996
0.19999999999999996
0.15000000000000002
0.19999999999999996
0.19999999999999996
0.22499999999999998
0.19999999999999996
0.19999999999999996
0.29999999999999993
0.29999999999999993
0.29999999999999993
0.22499999999999998
0.19999999999999996
0.19999999999999996
0.09999999999999998
0.09999999999999998
0.09999999999999998
0.15000000000000002
0.15000000000000002
0.22499999999999998
0.29999999999999993
0.19999999999999996
0.22499999999999998
0.125
0.20000000000000007
0.125
0.2250000000000001
0.30000000000000004
0.32499999999999996
0.22499999999999998
0.22499999999999998
0.32499999999999996
0.29999999999999993
0.29999999999999993
0.29999999999999993
0.29999999999999993
0.29999999999999993
0.29999999999999993
0.22499999999999998
