0.0
0.29999999999999993
0.29999999999999993
0.19999999999999996
0.29999999999999993
0.29999999999999993
0.19999999999999996
0.22499999999999998
0.29999999999999993
0.29999999999999993
0.19999999999999996
0.15000000000000002
0.15000000000000002
0.22499999999999998
0.29999999999999993
0.29999999999999993
0.29999999999999993
0.29999999999999993
0.29999999999999993
0.32499999999999996
0.32499999999999996
0.32499999999999996
0.29999999999999993
0.29999999999999993
0.25
0.22499999999999998
0.15000000000000002
0.125
0.125
0.19999999999999996
0.15000000000000002
0.19999999999999996
0.29999999999999993
0.22499999999999998
0.22499999999999998
0.22499999999999998
0.22499999999999998
0.0
0.09999999999999998
0.19999999999999996
0.19999999999999996
0.19999999999999996
0.19999999999999996
0.125
0.125
0.15000000000000002
0.19999999999999996
0.22499999999999998
0.19999999999999996
0.22499999999999998
0.09999999999999998
0.19999999999999996
0.125
0.22499999999999998
0.29999999999999993
0.29999999999999993
0.29999999999999993
0.125
0.19999999999999996
0.19999999999999996
0.19999999999999996
0.19999999999999996
0.29999999999999993
0.29999999999999993
0.29999999999999993
0.22499999999999998
0.29999999999999993
0.22499999999999998
0.15000000000000002
0.19999999999999996
0.19999999999999996
0.22499999999999998
0.22499999999999998
0.32499999999999996
0.32499999999999996
0.29999999999999993
0.29999999999999993
0.22499999999999998
0.22499999999999998
0.29999999999999993
0.22499999999999998
0.29999999999999993
0.29999999999999993
0.22499999999999998
0.29999999999999993
0.29999999999999993
0.29999999999999993
0.22499999999999998
0.19999999999999996
0.19999999999999996
0.22499999999999998
0.19999999999999996
0.19999999999999996
0.19999999999999996
0.22499999999999998
0.22499999999999998
0.22499999999999998
0.19999999999999996
0.22499999999999998
0.22499999999999998
0.29999999999999993
0.22499999999999998
0.22499999999999998
0.19999999999999996
0.22499999999999998
0.19999999999999996
0.29999999999999993
0.22499999999999998
0.22499999999999998
0.22499999999999998
0.15000000000000002
0.15000000000000002
0.22499999999999998
0.22499999999999998
0.22499999999999998
0.22499999999999998
0.22499999999999998
0.19999999999999996
0.19999999999999996
0.125
0.22499999999999998
0.29999999999999993
0.19999999999999996
0.22499999999999998
0.29999999999999993
0.29999999999999993
0.22499999999999998
0.15000000000000002
0.050000000000000044
0.025000000000000022
0.125
0.19999999999999996
0.15000000000000002
0.3
0.22499999999999998
0.19999999999999996
0.09999999999999998
0.19999999999999996
0.22499999999999998
0.22499999999999998
0.29999999999999993
0.22499999999999998
0.19999999999999996
0.15000000000000002
0.19999999999999996
0.19999999999999996
0.22499999999999998
0.15000000000000002
0.19999999999999996
0.19999999999999996
0.19999999999999996
0.125
0.22499999999999998
0.15000000000000002
0.22499999999999998
0.19999999999999996
0.19999999999999996
0.19999999999999996
0.125
0.09999999999999998
0.15000000000000002
0.19999999999999996
0.29999999999999993
0.29999999999999993
0.19999999999999996
0.125
0.19999999999999996
0.19999999999999996
0.19999999999999996
0.19999999999999996
0.19999999999999996
0.29999999999999993
0.29999999999999993
0.22499999999999998
0.22499999999999998
0.22499999999999998
0.19999999999999996
0.22499999999999998
0.19999999999999996
0.19999999999999996
0.19999999999999996
0.19999999999999996
0.22499999999999998
0.29999999999999993
0.19999999999999996
0.22499999999999998
0.22499999999999998
0.22499999999999998
0.22499999999999998
0.25
0.175
0.3
0.32499999999999996
0.25
0.22499999999999998
0.22499999999999998
0.22499999999999998
0.19999999999999996
0.22499999999999998
0.19999999999999996
0.19999999999999996
0.22499999999999998
0.29999999999999993
0.29999999999999993
0.29999999999999993
0.29999999999999993
0.29999999999999993
0.19999999999999996
0.19999999999999996
0.29999999999999993
0.29999999999999993
0.29999999999999993
0.22499999999999998
0.19999999999999996
0.22499999999999998
0.19999999999999996
0.19999999999999996
0.22499999999999998
0.29999999999999993
0.29999999999999993
0.29999999999999993
0.29999999999999993
0.29999999999999993
0.29999999999999993
0.29999999999999993
0.22499999999999998
0.19999999999999996
0.29999999999999993
0.29999999999999993
0.22499999999999998
0.15000000000000002
0.19999999999999996
0.19999999999999996
0.29999999999999993
0.29999999999999993
0.22499999999999998
0.29999999999999993
0.29999999999999993
0.29999999999999993
0.29999999999999993
0.29999999999999993
0.29999999999999993
0.29999999999999993
0.25
0.22499999999999998
0.19999999999999996
0.19999999999999996
0.125
0.19999999999999996
0.125
0.15000000000000002
0.125
0.09999999999999998
0.125
0.22499999999999998
0.19999999999999996
0.22499999999999998
0.29999999999999993
0.22499999999999998
0.22499999999999998
0.22499999999999998
0.29999999999999993
0.22499999999999998
0.19999999999999996
0.19999999999999996
0.19999999999999996
0.125
0.19999999999999996
0.19999999999999996
0.19999999999999996
0.19999999999999996
0.22499999999999998
0.3
0.19999999999999996
0.19999999999999996
0.19999999999999996
0.29999999999999993
0.22499999999999998
0.22499999999999998
0.22499999999999998
0.19999999999999996
0.19999999999999996
0.22499999999999998
0.22499999999999998
0.3
0.22499999999999998
0.19999999999999996
0.19999999999999996
0.19999999999999996
0.19999999999999996
0.22499999999999998
0.15000000000000002
0.22499999999999998
0.125
0.125
0.125
0.19999999999999996
0.19999999999999996
0.19999999999999996
