0.55
0.7
0.6
0.6
0.6
0.6
0.6
0.6
0.6
0.6499999999999999
0.7
0.6499999999999999
0.6499999999999999
0.6
0.6
0.55
0.6
0.55
0.6
0.55
0.55
0.6499999999999999
0.55
0.5
0.5
0.5
0.45
0.45
0.5
0.5
0.5
0.6
0.55
0.6
0.6
0.6
0.6
0.5
0.5
0.5
0.45
0.5
0.5
0.5
0.55
0.6
0.6
0.6
0.6
0.55
0.55
0.55
0.55
0.5
0.5
0.5
0.5
0.5
0.5
0.5
0.5
0.5
0.5
0.55
0.6
0.6
0.6
0.55
0.6
0.6
0.6
0.55
0.5
0.5
0.5
0.5
0.5
0.5
0.5
0.45
0.5
0.5
0.5
0.5
0.6
0.6
0.55
0.6
0.5
0.45
0.4
0.5
0.45
0.5
0.5
0.5
0.5
0.5
0.5
0.5
0.5
0.55
0.6
0.6
0.6
0.6
0.55
0.55
0.55
0.5
0.55
0.6
0.6
0.6
0.6
0.6
0.6
0.55
0.5
0.5
0.5
0.5
0.5
0.5
0.6
0.6
0.55
0.6
0.6499999999999999
0.5
0.5
0.5
0.5
0.5
0.5
0.5
0.5
0.5
0.5
0.6
0.6
0.6
0.6
0.6
0.6
0.6
0.6
0.6
0.6
0.6
0.6
0.6
0.6
0.6
0.6
0.6
0.6
0.6
0.6
0.6
0.6
0.6
0.5
0.55
0.55
0.55
0.5
0.5
0.45
0.45
0.5
0.4
0.45
0.5
0.5
0.5
0.55
0.5
0.5
0.5
0.5
0.5
0.55
0.6
0.6
0.6
0.5
0.5
0.55
0.5
0.6
0.6
0.55
0.5
0.5
0.5
0.5
0.6
0.6
0.55
0.6
0.6
0.6
0.55
0.55
0.5
0.45
0.5
0.5
0.5
0.5
0.6
0.6
0.6
0.6
0.6
0.6
0.6
0.6
0.6
0.6
0.6
0.55
0.5
0.55
0.5
0.4
0.5
0.5
0.45
0.5
0.55
0.6
0.55
0.6
0.6
0.5
0.5
0.5
0.5
0.5
0.55
0.6
0.6
0.55
0.5
0.5
0.55
0.5
0.5
0.6
0.6
0.5
0.5
0.5
0.5
0.5
0.5
0.5
0.6
0.6
0.6499999999999999
0.7
0.7
0.7
0.6499999999999999
0.6
0.5
0.45
0.4
0.45
0.5
0.6
0.7
0.7
0.55
0.55
0.6
0.6
0.55
0.6
0.6
0.6
0.6
0.6
0.5
0.55
0.6
0.55
0.5
0.5
0.5
0.5
0.5
0.5
0.55
0.5
0.55
0.6
