0.5
0.57
0.6302
0.681972
0.7264959200000001
0.7647864912000001
0.797716382432
0.7498533994860801
0.7198592635066369
0.7054620782365041
0.7466973872833935
0.7821597530637184
0.8126573876347979
0.8388853533659262
0.8221076462986077
0.7727811875206912
0.8091361975173806
0.7605880256663378
0.7941057020730504
0.7464593599486674
0.7166009855507207
0.7562768475736198
0.790398088913313
0.8113582800219816
0.7464496176202231
0.6867336482106052
0.6455296293179689
0.7022448886270939
0.6741550930820102
0.6471888893587298
0.5954137782100314
0.5835055026458308
0.5484951724870809
0.5046155586881145
0.5640616916455408
0.5414992239797192
0.5306692395001248
0.5
0.55
0.5950000000000001
0.6355000000000001
0.67195
0.704755
0.7342795
0.71959391
0.6764182754
0.715248082352
0.70094312070496
0.6869242582908608
0.7182318324617747
0.7038671958125392
0.6897898518962884
0.7270150696687337
0.6979344668819845
0.728141020193786
0.7135781997899103
0.7536772518193229
0.7733830716737771
0.7579154102403015
0.7124404856258835
0.7584500079257421
0.7432810077672273
0.7135497674565382
0.7364657860600151
0.7070071546176145
0.7480261529711485
0.7883419684957648
0.7568082897559342
0.785991294985222
0.8116723395869954
0.7792054460035155
0.801284901403164
0.8330793171786578
0.8164177308350846
0.8000893762183829
0.8280768635478093
0.7618307144639845
0.7313574858854252
0.7167303361677166
0.6737265159976537
0.7194048037579821
0.6906286116076629
0.6630034671433563
0.6497433978004892
0.6847690580204403
0.6573782956996227
0.6442307297856302
0.618461500594205
0.606092270582321
0.5818485797590282
0.558574636568667
0.611545680180427
0.5748529393696014
0.5518588217948173
0.5297844689230246
0.5768060220307221
0.6275892993870354
0.6150375133992947
0.6689322615233935
0.6287963258319899
0.5910685462820705
0.6564975788769393
0.6977178694117065
0.6837635120234724
0.7217118905806558
0.7662379880877509
0.8036399099937107
0.7714943135939623
0.8034851096908076
0.739206300915543
0.7652856708239887
0.7981456769086303
0.7662198498322851
0.7049222618457023
0.6767253713718742
0.7155183268072492
0.7012079602711043
0.7370630050385718
0.6928392247362575
0.7358417332731815
0.7211248986077179
0.6922799026634092
0.7230519123970683
0.6941298359011856
0.6802472391831619
0.6394324048321722
0.6138551086388854
0.6015780064661077
0.5895464463367855
0.5659645884833141
0.5546452967136478
0.5324594848451019
0.5005119157543958
0.470481200809132
0.5340234567120362
0.5233429875777955
0.571008688820016
0.6224876461616141
0.5975881403151495
0.5497810890899375
0.603807358399145
0.5675789168951964
0.5562273385572925
0.5451027917861466
0.599690456771809
0.6637399836883195
0.7175415862981884
0.7627349324904783
0.70171613789124
0.7494415558286416
0.789530906896059
0.8063684343443742
0.8334768535361619
0.8168073164654386
0.8424542921602772
0.8613597771010439
0.844132581559023
0.7934846266654817
0.8223967789323142
0.8508132943031439
0.7997644966449553
0.8318021771817624
0.8151661336381272
0.829952842947077
0.796754729229194
0.8252090671371068
0.7922007044516226
0.7763566903625901
0.8031938875190793
0.8307467432664082
0.8476720689397673
0.8137651861821766
0.7812145787348895
0.8162202461373073
0.8419494116780842
0.8082714352109609
0.7921060065067417
0.7604217662464721
0.7147964602716838
0.7604290266282143
0.7987603823677001
0.7668099670729921
0.7854651697071527
0.8155000459481514
0.7991900450291883
0.7512386423274371
0.6911395509412421
0.6773167599224172
0.6231314191286239
0.6106687907460514
0.5740286633012883
0.5510675167692368
0.5290248160984673
0.518444319776498
0.5954932286122583
0.6440340411787873
0.6182726795316358
0.6717145043972068
0.6314116341333744
0.6187834014507069
0.6645293932766221
0.7182046903523626
0.6751124089312208
0.6211034162167232
0.6817268696220474
0.7326505704825198
0.6886915362535686
0.6611438748034258
0.6214752423152203
0.6744687083910895
0.6205112117198024
0.67363964207903
0.6332212635542882
0.6205568382832024
0.6736788809235541
0.7258902599757855
0.7587834287786912
0.7284320916275435
0.6992948079624418
0.7474076386884512
0.6876150275933751
0.7313489237303026
0.6874679883064844
0.659969268774225
0.633570498023256
0.5955562681418607
0.5717340174161862
0.6402565746295964
0.6690360486592287
0.628893885739675
0.6037381303100879
0.5675138424914826
0.6367116276928454
0.5857746974774177
0.562343709578321
0.6236155902373561
0.5986709666278619
0.662883611967404
0.7168222340526194
0.750803565966305
0.7057553520083267
0.7351798168074941
0.7775510461182951
0.7308979833511974
0.7162800236841734
0.7560008203683891
0.7950406891094468
0.8196358064163132
0.8376722257746818
0.787411892228201
0.7716636543836369
0.808197469682255
0.7758695708949648
0.7293173966412669
0.7726266131786642
0.7417215486515176
0.712052686705457
0.6693295255031295
0.6425563444830044
0.6168540907036841
0.6781574361910947
0.7232153951243414
0.7087510872218545
0.7495259350107949
0.7845923041092836
0.8190575354517983
0.8443894804885466
0.8692871636103792
0.8849727039771337
0.8495737958180484
0.8155908439853264
0.7666553933462068
0.7206560697454344
0.691829826955617
0.7349736511818307
0.7773778669927378
0.761830309652883
0.7951740663014794
0.7792705849754498
0.7636851732759408
0.7178640628793843
0.7517203753338582
0.7914451152804408
0.775616212974832
0.8070299431583555
0.7586081465688542
0.7434359836374771
0.7285672639647275
0.6848532281268438
0.7163679053141594
0.7504037566764603
0.7853472307417558
0.7696402861269207
0.7388546746818438
0.6797463007072964
0.7245818186082749
0.7631403640031164
0.747877556723054
0.7831746987818264
