0.5
0.5
0.5
0.5
0.5
0.5
0.46
0.5248
0.5143040000000001
0.5725875200000001
0.5382322688000001
0.5382322688000001
0.5274676234240001
0.5063689184870401
0.4962415401172993
0.5667677245008774
0.5327616610308248
0.5981750284865093
0.5981750284865093
0.654430524498398
0.6958988615585903
0.6958988615585903
0.6958988615585903
0.6819808843274184
0.6410620312677733
0.691313346890285
0.6636608130146736
0.6371143804940866
0.6116298052743232
0.5749320169578638
0.5289374556012347
0.6043074627050372
0.5438767164345335
0.6168564418050082
0.5798450552967077
0.5334574508729711
0.5987734077507552
0.5
0.49
0.4802
0.470596
0.46118408
0.4519603984
0.433881982464
0.42520434281472
0.41670025595842564
0.4000322457200886
0.38403095589128505
0.47026662206650516
0.47026662206650516
0.5338346274185245
0.6084210870315606
0.6084210870315606
0.6632421348471421
0.6367124494532564
0.6948384575407354
0.6809416883899206
0.6809416883899206
0.6537040208543238
0.6275558600201508
0.6150047428197478
0.6027046479633529
0.5906505550040858
0.5906505550040858
0.6397724884035956
0.588590689331308
0.588590689331308
0.5768188755446818
0.5768188755446818
0.5768188755446818
0.6445278554575328
0.6187467412392315
0.5939968715896622
0.5702369967260756
0.613213297053468
0.57642049923026
0.6441932193534183
0.6940061686439397
0.7368453050337882
0.7684238684297336
0.753055391061139
0.7078720675974706
0.7546125367818752
0.7742435338393252
0.7432737924857522
0.7135428407863221
0.7479176998919634
0.7781675759049278
0.8092241152782379
0.7768551506671084
0.7991696356003976
0.7512194574643737
0.7211706791657988
0.7546301976659029
0.7093523858059487
0.6951653380898297
0.6812620313280331
0.6676367907014724
0.6275785832593841
0.6797175816030703
0.6525288783389475
0.6264277232053895
0.5888420598130661
0.6546273302429756
0.6284422370332565
0.6033045475519263
0.5791723656498492
0.5560054710238552
0.5560054710238552
0.533765252182901
0.512414642095585
0.5021663492536733
0.49212302226859983
0.46259564093248384
0.4440918152951845
0.4263281426833771
0.41780157982970956
0.41780157982970956
0.5109533270569561
0.4802961274335387
0.4418724372388556
0.5088477447701929
0.498670789874789
0.5588302950898143
0.6029472655808329
0.6585346483995163
0.706339797623584
0.7474522259562822
0.672707003360654
0.7185280228901625
0.7466752206011462
0.7821406897169858
0.816998179362268
0.8426184342515505
0.8089136968814885
0.8356657793180802
0.8189524637317186
0.7861943651824499
0.7704704778788009
0.8026046109757687
0.7865525187562533
0.7708214683811282
0.8029064628077702
0.7547320750393041
0.7547320750393041
0.739637433538518
0.6656736901846662
0.5991063211661996
0.6632493097796076
0.6632493097796076
0.6632493097796076
0.6632493097796076
0.6632493097796076
0.7036593926060547
0.6614398290496915
0.6349822358877037
0.6860847228634253
0.6449196394916197
0.6320212467017873
0.5688191220316086
0.6291844449471834
0.604017067149296
0.5798563844633242
0.5798563844633242
0.5682592567740578
0.5341637013676143
0.5900640572035005
0.6392563703390804
0.6136861155255172
0.5768649485939862
0.5537903506502267
0.6073355085721995
0.5587486678864235
0.5140487744555097
0.4832058479881791
0.5348852631893612
0.6093036210790634
0.5971175486574821
0.5732328467111828
0.5273742189742882
0.49573176583583084
0.48581713051911424
0.48581713051911424
0.48581713051911424
0.47610078790873195
0.5494466776015094
0.5164798769454189
0.564831889250877
0.5535352514658595
0.6160403162606392
0.6697946719841497
0.7160234179063687
0.7017029495482413
0.7315326545934172
0.7022713484096805
0.6601350675050996
0.6337296648048957
0.6337296648048957
0.6850075117322103
0.6576072112629219
0.6576072112629219
0.6444550670376634
0.6942313576523905
0.7431543404280081
0.7282912536194479
0.69915960347467
0.7412772589882162
0.7264517138084519
0.7592775081514377
0.7592775081514377
0.7977931068472076
0.7499255204363752
0.7899374371665552
0.8151449447065685
0.7988420458124371
0.7509115230636909
0.7358932926024171
0.7623039633421754
0.7165657255416449
0.6735717820091461
0.6331574750885973
0.5825048770815096
0.5708547795398794
0.6223522059950939
0.5974581177552901
0.5616106306899727
0.6317529297795771
0.5938477539928024
0.5938477539928024
0.5463399336733783
0.600779141632573
0.6566700618040128
0.6041364568596918
0.5678882694481102
0.619741677114337
0.5825571764874768
0.5592548894279777
0.5368846938508586
0.5154093060968242
0.4844847477310148
0.4747950527763945
0.4747950527763945
0.43681144855428294
0.4193389906121116
0.500631531926416
0.49061890128788765
0.45136938918485664
0.44234200140115953
0.44234200140115953
0.5092609612330203
0.5779644266603975
0.5317272725275657
0.5785545452748091
0.6375569089363358
0.624805770757609
0.6773329628515438
0.7160530073093585
0.7017319471631713
0.7434894745603273
0.7845311586306749
0.7688405354580614
0.7534637247489002
0.7830480777790322
0.7517261546678708
0.7517261546678708
0.7066225853877985
0.6924901336800425
0.65094072565924
0.65094072565924
0.6118842821196856
0.6584581682653233
0.706274024708178
0.7415211417431966
0.7828777590642851
0.735905093520428
0.6917507879092023
0.7164107248764662
0.6734260813838782
0.6195519948731679
0.6575967953858511
0.705533244031832
0.6773119142705588
0.6773119142705588
0.7160344845580917
0.7017137948669299
0.7434738635855597
0.7793875226835814
0.8146855190542084
0.7658043879109558
0.7658043879109558
0.7504883001527367
0.6904492361405178
0.6628312666948971
0.7100348893576115
0.6674327959961548
0.6140381723164624
0.6140381723164624
0.6449151185311455
0.6320168161605225
