0.5
0.5
0.5
0.5
0.5
0.5
0.47000000000000003
0.45120000000000005
0.5060800000000001
0.5060800000000001
0.4757152000000001
0.46620089600000014
0.45687687808000016
0.44773934051840014
0.5250558328458241
0.5040535995319911
0.46372931156943187
0.4451801391066546
0.40956572797812224
0.40956572797812224
0.4013744134185598
0.369264460345075
0.3471085927243705
0.3471085927243705
0.45157121788847127
0.424476944815163
0.5165606336447369
0.4855669956260527
0.5575876162384054
0.6195253499650286
0.6804012939706241
0.6531852422117991
0.7086756034579113
0.6519815551812783
0.6389419240776527
0.6894900547067814
0.6343308503302388
0.5
0.5
0.5
0.5
0.5
0.5
0.48
0.5424
0.606464
0.606464
0.65368832
0.65368832
0.6275407872
0.6024391557119999
0.5783415894835199
0.5436410941145087
0.5110226284676381
0.5008021758982854
0.47075404534438825
0.4613389644375005
0.4521121851487505
0.5288164792279254
0.6042058425514574
0.580037608849399
0.6304330957874712
0.6821724623772252
0.6821724623772252
0.6685290131296807
0.6685290131296807
0.6417878526044934
0.6919375532398644
0.6642600511102699
0.6376896490658591
0.6249358560845419
0.5999384218411603
0.5879396534043371
0.6538693088596431
0.6538693088596431
0.6277145365052574
0.6151602457751523
0.5782506310286432
0.5782506310286432
0.5666856184080703
0.5666856184080703
0.6186833441991019
0.5691886766631737
0.5691886766631737
0.5464211295966468
0.6189937488611833
0.594233998906736
0.5704646389504666
0.5248274678344292
0.6008550729809206
0.6008550729809206
0.5888379715213021
0.6464006555083198
0.6464006555083198
0.695904563737155
0.681986472462412
0.6547070135639155
0.709953891393689
0.6815557357379415
0.6679246210231826
0.714415174079937
0.6572619601535421
0.6572619601535421
0.5915357641381879
0.5678743335726604
0.5338018735583008
0.5231258360871347
0.5994257023131931
0.5514716461281377
0.6142656156701984
0.6019803033567944
0.6019803033567944
0.6656634548197073
0.7191573020485542
0.7640921337207855
0.7640921337207855
0.7971192349998756
0.7652344655998806
0.7652344655998806
0.749929776287883
0.7849396076075794
0.7849396076075794
0.7535420233032762
0.7083295019050797
0.6941629118669781
0.6525131371549594
0.6394628744118602
0.6394628744118602
0.6971488145059626
0.6413769093454855
0.6413769093454855
0.6028942947847564
0.5667206370976711
0.5553862243557176
0.5220630508943745
0.5220630508943745
0.5116217898764871
0.4911569182814276
0.5623949497220277
0.5398991517331466
0.5183031856638207
0.5953746759576094
0.5953746759576094
0.6439297148426962
0.6052939319521344
0.5689762960350063
0.5575967701143062
0.5352928993097339
0.5245870413235392
0.4931118188441268
0.4635251097134792
0.4635251097134792
0.45425460751920965
0.45425460751920965
0.4179142389176729
0.4179142389176729
0.38448109980425904
0.48296412383557763
0.48296412383557763
0.453986276405443
0.4449065508773341
0.4271102888422407
0.4958570541811719
0.4859399130975484
0.5579083252638917
0.5579083252638917
0.535591992253336
0.5248801524082692
0.5248801524082692
0.5143825493601039
0.5143825493601039
0.4938072473856997
0.5646742327517017
0.5082068094765315
0.48787853709747026
0.47812096635552087
0.45899612770130005
0.5347366698231181
0.6091788026514192
0.5848116505453624
0.5497229515126407
0.612761738300871
0.6005065035348536
0.5884963734641565
0.6543369537098914
0.6543369537098914
0.7027297801905066
0.6886751845866964
0.7322606587445589
0.6736798060449942
0.6197854215613947
0.5949940046989389
0.6435947241350662
0.6178509351696636
0.593136897762877
0.5575486838971044
0.6194918681515098
0.5947121934254495
0.5471352179514135
0.6195935830791873
0.5824179680944361
0.5358245306468812
0.5251080400339435
0.4936015576319069
0.4541134330213543
0.41778435837964595
0.41778435837964595
0.49929454820649555
0.48930865724236566
0.45995013780782373
0.42315412678319786
0.397764879176206
0.38980958159268186
0.36642100669712097
0.36642100669712097
0.35176416642923614
0.3376935997720667
0.3376935997720667
0.43041649580397734
0.39598317613965917
0.4926258679573137
0.4630683158798749
0.5489773853390949
0.5489773853390949
0.6031000990984036
0.666604083242659
0.6399399199129526
0.6271411215146936
0.6271411215146936
0.6793413645026365
0.6657545372125837
0.6524394464683321
0.6393906575389654
0.6898759654835103
0.6622809268641698
0.6490353083268865
0.6981703651611224
0.6842069578579
0.6705228187007419
0.6302914495786974
0.6746564756292537
0.6476702166040835
0.5958565992757568
0.6524366753771509
0.6002417413469788
0.5762320716930996
0.5531827888253756
0.5310554772723606
0.5310554772723606
0.5310554772723606
0.5204343677269133
0.5204343677269133
0.5204343677269133
0.4996169930178368
0.4496552937160531
0.4496552937160531
0.44066218784173206
0.5189694815438896
0.4774519230203784
0.4488048076391557
0.41290042302802327
0.39638440610690234
0.3726013417404882
0.3576972880708687
0.35054334230945133
0.3154890080785062
0.2965596675937958
0.27283489418629214
0.2673781963025663
0.35529281274625835
0.34108110023640803
0.34108110023640803
0.34108110023640803
0.3274378562269517
0.3208890991024127
0.3080535351383162
0.30189246443554985
0.28377891656941684
0.39837428991831014
0.39040680411994394
0.38259866803754505
0.36729472131604324
0.3379111436107598
0.3379111436107598
0.33115292073854463
0.31128374549423193
0.3050580705843473
0.2928557477609734
0.3777130580296566
0.3777130580296566
0.3550502745478772
0.34794926905691964
0.4261953567700893
0.40062363536388396
0.4845363264129402
0.4748455998846814
0.4748455998846814
0.4748455998846814
0.43685795189390686
