0.16499999999999992
0.32999999999999996
0.33999999999999997
0.41000000000000003
0.36
0.32
0.31000000000000005
0.28750000000000003
0.22500000000000003
0.2925
0.3450000000000001
0.41000000000000003
0.43
0.4650000000000001
0.4900000000000001
0.37
0.2924999999999999
0.3125
0.25
0.3175
0.37750000000000006
0.42250000000000004
0.3450000000000001
0.3075
0.30000000000000004
0.3225
0.415
0.43749999999999994
0.43999999999999995
0.45249999999999996
0.5149999999999999
0.3999999999999999
0.3524999999999999
0.3549999999999999
0.32999999999999996
0.29750000000000004
0.30750000000000005
0.0
0.31000000000000005
0.28
0.3175000000000001
0.3325000000000001
0.37
0.36499999999999994
0.3549999999999999
0.3525
0.44
0.5249999999999999
0.4975
0.5325
0.5549999999999999
0.535
0.425
0.4475
0.43749999999999994
0.43749999999999994
0.44249999999999995
0.4725
0.39
0.36750000000000005
0.36750000000000005
0.395
0.445
0.48500000000000004
0.5625
0.6825000000000001
0.69
0.6675
0.6475
0.6475
0.455
0.4075
0.21750000000000003
0.2875
0.21500000000000002
0.33000000000000007
0.4625
0.40750000000000003
0.3575000000000001
0.31749999999999995
0.36250000000000004
0.3950000000000001
0.4000000000000001
0.42250000000000004
0.49
0.4000000000000001
0.53
0.5674999999999999
0.48250000000000004
0.45
0.4825
0.40249999999999997
0.38749999999999996
0.38749999999999996
0.4225000000000001
0.26749999999999996
0.265
0.2524999999999999
0.39250000000000007
0.44499999999999995
0.44499999999999995
0.375
0.385
0.325
0.3025
0.38500000000000006
0.31000000000000005
0.37000000000000005
0.32
0.29000000000000004
0.33
0.3125
0.2925
0.32999999999999996
0.36999999999999994
0.2800000000000001
0.355
0.355
0.36
0.30500000000000005
0.33
0.2525
0.22500000000000003
0.22500000000000003
0.20250000000000007
0.20250000000000007
0.2675
0.2825
0.275
0.26
0.235
0.30250000000000005
0.4049999999999999
0.4574999999999999
0.485
0.49749999999999994
0.5175000000000001
0.47250000000000003
0.48750000000000004
0.5175000000000001
0.44999999999999996
0.5525000000000001
0.4950000000000001
0.33749999999999997
0.3175
0.3975000000000001
0.3400000000000001
0.3275
0.30500000000000005
0.32250000000000006
0.29250000000000004
0.3450000000000001
0.3625
0.39249999999999996
0.39249999999999996
0.39249999999999996
0.39250000000000007
0.4525
0.4025000000000001
0.33
0.27749999999999997
0.22749999999999992
0.37749999999999995
0.345
0.41250000000000003
0.5125
0.4925
0.3775
0.415
0.44749999999999995
0.34500000000000003
0.3825
0.38249999999999995
0.4674999999999999
0.4024999999999999
0.46499999999999997
0.46749999999999997
0.43250000000000005
0.415
0.4175
0.4325
0.47000000000000003
0.435
0.4575000000000001
0.3799999999999999
0.2925
0.43750000000000006
0.43
0.5175000000000001
0.6199999999999999
0.57
0.44249999999999995
0.24749999999999994
0.24749999999999994
0.28250000000000003
0.30750000000000005
0.34750000000000003
0.38500000000000006
0.36750000000000005
0.2925
0.2599999999999999
0.25500000000000006
0.28250000000000003
0.3874999999999999
0.39999999999999997
0.46
0.31250000000000006
0.30500000000000005
0.44
0.4625
0.4
0.3325
0.325
0.2375
0.31250000000000006
0.28500000000000003
0.2525
0.31
0.4225
0.45
0.53
0.5625
0.32500000000000007
0.29250000000000004
0.36
0.425
0.3699999999999999
0.425
0.4874999999999999
0.45999999999999996
0.35
0.38499999999999995
0.33499999999999996
0.2850000000000001
0.36000000000000004
0.3424999999999999
0.435
0.4499999999999999
0.4499999999999999
0.4274999999999999
0.4024999999999999
0.41
0.3924999999999999
0.36000000000000004
0.3125
0.3525000000000001
0.2924999999999999
0.30999999999999994
0.3975000000000001
0.35750000000000004
0.38250000000000006
0.3750000000000001
0.4225
0.46499999999999997
0.38999999999999996
0.3874999999999999
0.39499999999999996
0.4175
0.46499999999999997
0.4475
0.48
0.505
0.4475
0.405
0.42749999999999994
0.47750000000000004
0.49750000000000005
0.4074999999999999
0.44250000000000006
0.42250000000000004
0.46
0.45749999999999996
0.2875000000000001
0.2400000000000001
0.28500000000000003
0.31
0.2825
0.2825
0.31499999999999995
0.31499999999999995
0.32499999999999996
0.36750000000000005
0.49
0.49
0.4675
0.4275
0.41750000000000004
0.23499999999999993
0.3475
0.42250000000000004
0.465
0.35250000000000004
0.4425
0.3725
0.2825000000000001
0.3075
0.3675
0.3625
0.40750000000000003
