0.10000000000000003
0.18000000000000005
0.19999999999999996
0.42
0.4175
0.43499999999999994
0.44499999999999995
0.44499999999999995
0.4625
0.43999999999999995
0.39249999999999996
0.22499999999999998
0.3075
0.4875
0.48499999999999993
0.5275000000000001
0.37250000000000005
0.5375000000000001
0.5250000000000001
0.575
0.575
0.3524999999999999
0.3449999999999999
0.31249999999999994
0.33749999999999997
0.34249999999999997
0.30750000000000005
0.4100000000000001
0.4725
0.5525
0.49250000000000005
0.43499999999999994
0.515
0.4425
0.4174999999999999
0.38
0.3725
0.0
0.28
0.36
0.38250000000000006
0.44499999999999995
0.42749999999999994
0.36999999999999994
0.40249999999999997
0.385
0.23749999999999993
0.26749999999999996
0.245
0.3600000000000001
0.3175
0.3425000000000001
0.37250000000000005
0.36250000000000004
0.39
0.20250000000000007
0.2750000000000001
0.31249999999999994
0.21250000000000002
0.25750000000000006
0.34
0.34249999999999997
0.38750000000000007
0.4275
0.2875
0.3425
0.36250000000000004
0.4049999999999999
0.3674999999999999
0.3649999999999999
0.35750000000000004
0.37249999999999994
0.37250000000000005
0.47
0.4675
0.4575
0.46
0.5375
0.3925
0.3525
0.38250000000000006
0.4574999999999999
0.44749999999999995
0.48
0.515
0.505
0.38499999999999995
0.38000000000000006
0.3975000000000001
0.3850000000000001
0.3750000000000001
0.39999999999999997
0.30500000000000005
0.36750000000000005
0.3950000000000001
0.29000000000000004
0.30000000000000004
0.38750000000000007
0.36
0.38249999999999995
0.42000000000000004
0.4475
0.32500000000000007
0.2750000000000001
0.4175
0.39249999999999996
0.39499999999999996
0.4375
0.4475
0.44
0.46249999999999997
0.425
0.3950000000000001
0.45000000000000007
0.34
0.31749999999999995
0.36250000000000004
0.3950000000000001
0.31999999999999995
0.3625
0.475
0.49750000000000005
0.49500000000000005
0.535
0.6000000000000001
0.555
0.5800000000000001
0.5475
0.47
0.45499999999999996
0.3725
0.26750000000000007
0.4025
0.465
0.48
0.485
0.3675
0.4425
0.4425
0.5349999999999999
0.605
0.48500000000000004
0.4175000000000001
0.405
0.39250000000000007
0.36750000000000005
0.34249999999999997
0.4025
0.44500000000000006
0.31249999999999994
0.3025
0.2875
0.21499999999999997
0.34
0.5
0.5425
0.47000000000000003
0.48250000000000004
0.3475
0.31
0.31
0.2875
0.31
0.32
0.34
0.40750000000000003
0.37750000000000006
0.3450000000000001
0.4075000000000001
0.37750000000000006
0.42500000000000004
0.47
0.44000000000000006
0.3575
0.4775
0.4074999999999999
0.4175
0.42250000000000004
0.46749999999999997
0.46749999999999997
0.41
0.30500000000000005
0.33499999999999996
0.4275
0.42000000000000004
0.4600000000000001
0.41500000000000004
0.4775000000000001
0.4625000000000001
0.29499999999999993
0.20499999999999996
0.22999999999999998
0.22999999999999998
0.265
0.41000000000000003
0.4625
0.4424999999999999
0.4525
0.4525
0.37000000000000005
0.4149999999999999
0.3375
0.3375
0.4175
0.425
0.3325
0.43
0.32749999999999996
0.24500000000000005
0.2675
0.24500000000000005
0.26
0.41500000000000004
0.405
0.32750000000000007
0.32750000000000007
0.465
0.45250000000000007
0.4725000000000001
0.4725000000000001
0.38
0.38250000000000006
0.4074999999999999
0.31749999999999995
0.37749999999999995
0.3350000000000001
0.35250000000000004
0.315
0.30499999999999994
0.30249999999999994
0.42
0.485
0.44499999999999995
0.5225
0.5075000000000001
0.395
0.425
0.51
0.4775
0.44000000000000006
0.5249999999999999
0.4875
0.45999999999999996
0.4175
0.40249999999999997
0.33499999999999996
0.3125
0.27
0.27249999999999996
0.33749999999999997
0.5349999999999999
0.52
0.56
0.4
0.4
0.4
0.4374999999999999
0.2975
0.29
0.2525
0.34750000000000003
0.32
0.3775
0.44
0.44
0.4425
0.5349999999999999
0.5725
0.51
0.47
0.43000000000000005
0.31500000000000006
0.30499999999999994
0.2549999999999999
0.37249999999999994
0.2975
0.43000000000000005
0.5025000000000001
0.4575
0.595
0.5275
0.40249999999999997
0.32499999999999996
0.2
0.2
0.21500000000000002
0.235
0.25
0.2825000000000001
0.45000000000000007
0.44000000000000006
0.2749999999999999
0.42000000000000004
0.38250000000000006
0.22999999999999998
0.20750000000000002
0.3375000000000001
0.32
0.3600000000000001
