0.31500000000000006
0.47000000000000003
0.52
0.5
0.485
0.395
0.4775
0.3449999999999999
0.4999999999999999
0.3649999999999999
0.31499999999999995
0.3175
0.31500000000000006
0.44000000000000006
0.495
0.4750000000000001
0.38
0.3175
0.3175
0.32500000000000007
0.40249999999999997
0.365
0.3675000000000001
0.36500000000000005
0.29
0.2725
0.26000000000000006
0.3025
0.29750000000000004
0.44249999999999995
0.3825
0.38000000000000006
0.4425
0.44749999999999995
0.3125
0.36500000000000005
0.315
0.0
0.26999999999999996
0.22000000000000003
0.38500000000000006
0.2975000000000001
0.30500000000000005
0.43000000000000005
0.3175
0.33999999999999997
0.3375
0.44500000000000006
0.405
0.39249999999999996
0.35750000000000004
0.36750000000000005
0.3975
0.5
0.515
0.515
0.5225
0.41750000000000004
0.3525
0.37500000000000006
0.3950000000000001
0.38249999999999995
0.21250000000000002
0.2775000000000001
0.3425
0.4625
0.4425
0.3325
0.3975
0.4124999999999999
0.3025
0.3075
0.47000000000000003
0.38749999999999996
0.5
0.4675
0.39
0.3225
0.29250000000000004
0.3350000000000001
0.395
0.40750000000000003
0.465
0.44750000000000006
0.5
0.455
0.46249999999999997
0.46499999999999997
0.49
0.48749999999999993
0.48749999999999993
0.46249999999999997
0.35250000000000004
0.41
0.4475
0.4375
0.40499999999999997
0.4125
0.41000000000000003
0.41000000000000003
0.5175000000000001
0.5449999999999999
0.585
0.585
0.5874999999999999
0.4525
0.4325
0.365
0.37499999999999994
0.45000000000000007
0.505
0.49250000000000005
0.575
0.5974999999999999
0.495
0.5625
0.525
0.5
0.45499999999999996
0.48249999999999993
0.2775
0.31250000000000006
0.36250000000000004
0.33749999999999997
0.30500000000000005
0.43
0.38999999999999996
0.43
0.3925
0.5175000000000001
0.37000000000000005
0.45250000000000007
0.4825000000000001
0.455
0.46
0.39250000000000007
0.28250000000000003
0.47250000000000003
0.345
0.32749999999999996
0.3675
0.37000000000000005
0.41250000000000003
0.2525
0.2725
0.385
0.3775
0.415
0.44000000000000006
0.3449999999999999
0.3174999999999999
0.48750000000000004
0.385
0.47250000000000003
0.47250000000000003
0.4575
0.3225
0.25
0.33749999999999997
0.33749999999999997
0.15000000000000002
0.49999999999999994
0.5199999999999999
0.355
0.46499999999999997
0.37500000000000006
0.3625
0.3325000000000001
0.27749999999999997
0.2625
0.2875000000000001
0.33749999999999997
0.3324999999999999
0.3925
0.3925
0.44250000000000006
0.24750000000000005
0.22250000000000003
0.47000000000000003
0.48500000000000004
0.4875
0.405
0.37750000000000006
0.42500000000000004
0.45000000000000007
0.41250000000000003
0.41500000000000004
0.37499999999999994
0.2925
0.29750000000000004
0.30250000000000005
0.3025
0.2575
0.31749999999999995
0.37249999999999994
0.2700000000000001
0.32500000000000007
0.37249999999999994
0.3025
0.31499999999999995
0.365
0.34500000000000003
0.3325
0.395
0.395
0.34249999999999997
0.31749999999999995
0.3375
0.2975
0.3425
0.4
0.3425
0.43249999999999994
0.405
0.4125
0.4275
0.47250000000000003
0.37749999999999995
0.3924999999999999
0.44999999999999996
0.44249999999999995
0.3575
0.28000000000000014
0.2875000000000001
0.20500000000000007
0.20500000000000007
0.265
0.33999999999999997
0.40499999999999997
0.44
0.45
0.46249999999999997
0.5175
0.53
0.5725
0.44999999999999996
0.4474999999999999
0.32249999999999995
0.42
0.39499999999999996
0.39749999999999996
0.355
0.36499999999999994
0.3425
0.35250000000000004
0.345
0.4175
0.4225
0.4425
0.43999999999999995
0.37999999999999995
0.37999999999999995
0.37999999999999995
0.2875
0.3275
0.405
0.35
0.405
0.32999999999999996
0.34750000000000003
0.33
0.335
0.29
0.2675
0.255
0.21750000000000003
0.25500000000000006
0.30500000000000005
0.31249999999999994
0.31749999999999995
0.37500000000000006
0.44000000000000006
0.5375000000000001
0.485
0.5075000000000001
0.47000000000000003
0.3925
0.48499999999999993
0.5275
0.505
0.46499999999999997
0.475
0.4575
0.3725
0.33999999999999997
0.33999999999999997
0.37
0.4925
0.4650000000000001
0.49250000000000005
0.32499999999999996
0.24
0.505
0.5075000000000001
0.485
0.4375
0.4925
0.3725
0.3725
