0.52
0.57
0.51
0.57
0.52
0.57
0.54
0.53
0.51
0.51
0.47
0.5
0.46
0.45
0.42
0.44
0.48
0.47
0.49
0.52
0.48
0.51
0.57
0.56
0.58
0.52
0.48
0.51
0.48
0.44
0.41
0.38
0.43
0.43
0.43
0.43
0.44
0.46
0.48
0.51
0.51
0.48
0.52
0.51
0.53
0.52
0.49
0.48
0.49
0.47
0.46
0.45
0.48
0.47
0.52
0.51
0.53
0.54
0.54
0.57
0.58
0.58
0.54
0.54
0.51
0.53
0.54
0.55
0.56
0.58
0.57
0.57
0.54
0.57
0.53
0.53
0.57
0.57
0.56
0.54
0.53
0.58
0.54
0.57
0.57
0.53
0.52
0.51
0.53
0.52
0.52
0.52
0.53
0.53
0.54
0.57
0.56
0.56
0.53
0.57
0.58
0.57
0.57
0.6
0.61
0.61
0.59
0.61
0.59
0.58
0.56
0.58
0.59
0.54
0.56
0.55
0.52
0.54
