0.4
0.53
0.58
0.64
0.61
0.59
0.54
0.52
0.52
0.54
0.54
0.54
0.48
0.49
0.51
0.52
0.5
0.49
0.47
0.44
0.46
0.45
0.48
0.51
0.55
0.6
0.63
0.65
0.68
0.69
0.66
0.67
0.61
0.55
0.5
0.52
0.48
0.44
0.43
0.44
0.47
0.5
0.54
0.55
0.57
0.55
0.53
0.51
0.54
0.54
0.54
0.5
0.45
0.45
0.43
0.41
0.44
0.44
0.44
0.42
0.39
0.44
0.45
0.46
0.47
0.46
0.45
0.48
0.52
0.53
0.5
0.47
0.48
0.51
0.54
0.56
0.53
0.53
0.51
0.53
0.58
0.61
0.6
0.59
0.58
0.59
0.61
0.59
0.63
0.62
0.59
0.56
0.54
0.55
0.54
0.5
0.51
0.5
0.49
0.51
0.51
0.54
0.55
0.49
0.51
0.53
0.5
0.46
0.43
0.44
0.41
0.41
0.47
0.47
0.41
0.44
0.45
0.43
