0.5
0.47424
0.51984
0.46512
0.51984
0.47424
0.51984
0.49248000000000003
0.48336
0.57762
0.47736
0.43898
0.478
0.5431600000000001
0.4014
0.40404
0.51392
0.41472
0.52512
0.5767
0.51168
0.4608
0.47124
0.5642999999999999
0.6392
0.6522399999999999
0.49816
0.57984
0.47022
0.42047999999999996
0.5307200000000001
0.3813
0.33668
0.53374
0.37926
0.36119999999999997
0.40592
0.41976
0.42504000000000003
0.4512
0.46512
0.50898
0.47519999999999996
0.51792
0.49572
0.49078
0.47944
0.54712
0.54448
0.45374
0.53254
0.4554
0.5435
0.41856
0.46153999999999995
0.48568
0.50184
0.5151600000000001
0.50112
0.4536
0.49931999999999993
0.6446799999999999
0.6522399999999999
0.61544
0.5758800000000001
0.49266
0.52364
0.5924400000000001
0.6292
0.63392
0.5162
0.54606
0.5357999999999999
0.62004
0.5563199999999999
0.50456
0.6146
0.5483399999999999
0.63278
0.6427200000000001
0.60348
0.48972000000000004
0.5637599999999999
0.45792
0.65342
0.6284799999999999
0.6070800000000001
0.5872
0.4794
0.47276
0.6035200000000001
0.442
0.48048
0.52258
0.46216
0.51624
0.48791999999999996
0.6304000000000001
0.48944000000000004
0.5817
0.6302
0.5150399999999999
0.5186999999999999
0.6422399999999999
0.5556
0.67552
0.55388
0.55932
0.68488
0.5593199999999999
0.6597999999999999
0.5252800000000001
0.63376
0.5841
0.5151600000000001
0.5140800000000001
0.4818
0.56704
