0.5
0.36
0.47700000000000004
0.522
0.5760000000000001
0.5489999999999999
0.5309999999999999
0.48600000000000004
0.468
0.50024
0.53676
0.60256
0.5238
0.42719999999999997
0.42728
0.47532
0.47944000000000003
0.456
0.46746
0.45496
0.418
0.44804
0.505
0.4704
0.43962
0.49060000000000004
0.64
0.53676
0.5473
0.64192
0.6072
0.72528
0.7294
0.60268
0.6328
0.596
0.51064
0.44255999999999995
0.53184
0.4085
0.40832
0.44273999999999997
0.46699999999999997
0.5292
0.6274000000000001
0.5392199999999999
0.5126000000000001
0.49608
0.47736
0.52812
0.51732
0.62648
0.435
0.432
0.538
0.39646
0.4018
0.49936
0.43912
0.5419200000000001
0.4158
0.33852
0.37312
0.387
0.45172
0.45402
0.43792000000000003
0.4239
0.42047999999999996
0.46072
0.61554
0.544
0.5463199999999999
0.40991999999999995
0.56488
0.60992
0.49952
0.50244
0.46428
0.43452
0.48336
0.64972
0.6685
0.5267999999999999
0.55696
0.56028
0.5841
0.55388
0.64084
0.60732
0.5766
0.5368999999999999
0.52976
0.5238
0.631
0.51624
0.585
0.4845
0.473
0.44884
0.47634
0.47634
0.61728
0.5027
0.56446
0.48144000000000003
0.6099
0.464
0.42136
0.41194
0.4268
0.38293999999999995
0.39605999999999997
0.46624
0.45777999999999996
0.39114
0.41359999999999997
0.4185
