0.5
0.5716
0.664
0.5800000000000001
0.5884
0.5632
0.5800000000000001
0.6387999999999999
0.6556
0.54656
0.64084
0.57834
0.66256
0.60672
0.70624
0.68308
0.5586
0.62832
0.50024
0.41846
0.56488
0.54332
0.47137999999999997
0.5864
0.5264000000000001
0.5196799999999999
0.5856
0.63624
0.7408
0.751
0.6789999999999999
0.63
0.70148
0.71136
0.72708
0.6579400000000001
0.67548
0.6855
0.6076
0.64198
0.64482
0.6265000000000001
0.5823200000000001
0.52876
0.50024
0.6277600000000001
0.622
0.5489
0.45
0.532
0.47
0.423
0.43218
0.5413
0.41265999999999997
0.4636
0.46078
0.4416
0.53616
0.48756
0.6117600000000001
0.459
0.43776
0.458
0.47903999999999997
