0.5
0.45599999999999996
0.41587199999999996
0.37927526399999995
0.34589904076799993
0.31545992518041593
0.300317848771756
0.2853019563331682
0.41966518854253254
0.37602000893410914
0.33616188798709357
0.44901436702928765
0.43105379234811614
0.426743254424635
0.5001201178582817
0.4401057037152879
0.4251421097889681
0.5182690880031553
0.4488210302107325
0.3850884439208085
0.3234742928934791
0.3085944754203791
0.285758484239271
0.2606117376262152
0.2209987535070305
0.19447890308618682
0.33786165833684556
0.4120211526031189
0.3815315873104881
0.49285590159460024
0.4701845301212486
0.4617212085790661
0.43678826331579657
0.42543176846958586
0.511617003199148
0.466594706917623
0.45073048688242384
0.5
0.5780000000000001
0.6438320000000001
0.6993942080000001
0.746288711552
0.7858676725498881
0.8244114914909082
0.8500474137332356
0.8707408706380491
0.891939367853409
0.7563645839396909
0.7924226255166166
0.7781590182573175
0.7641521559286858
0.8051896807970945
0.7439952650565154
0.7762518616593944
0.7420967797463811
0.7833612949869602
0.8071915525383946
0.7167860986540944
0.7643660340802065
0.8039525403547318
0.7235572863192586
0.776634287345961
0.8190737727502284
0.8422323298381992
0.8338100065398172
0.8650537253103315
0.8782784602299191
0.8132858541729051
0.8487615418800531
0.8753795105091638
0.7860908004372291
0.7074817203935062
0.6296587311502205
0.5893605723566064
0.6542416019242626
0.6819022737703216
0.6164396554883708
0.5658916037383244
0.5126977929869219
0.446047079898622
0.4451549857388248
0.42467785639483885
0.384758137893724
0.369367812377975
0.32134999676883824
0.37971389704671815
0.37515733028215753
0.36765418367651437
0.3654482585744553
0.34936853519717925
0.4573733583544475
0.5431083677344448
0.5007459150511582
0.4897295049200327
0.5662700791820278
0.6452089247708988
0.5690742716479327
0.5144431415697311
0.48151878050926833
0.5779562873345444
0.5652412490131844
0.6356721666730485
0.5848183933392046
0.5356936482987114
0.506766191290581
0.5462248959873345
0.5979552578447783
0.6687151324640973
0.597831328422903
0.5679397620017579
0.5486298100936982
0.6244600019979569
0.6590096818141449
0.6023348491781284
0.539692024863603
0.6096588370843353
0.670552058499179
0.6289778308722299
0.6942777326387175
0.731575849256794
0.6789023881103048
0.7289936155650972
0.727535628333967
0.6576922080139062
0.6392768261895168
0.6034773239229038
0.570889548431067
0.5126588144910982
0.4818992856216323
0.5482161770620634
0.5306732593960773
0.4797286264940539
0.43655305010958906
0.41297918540367123
0.5139467655142398
0.45432894071458796
0.39617483630312067
0.42757374481535837
0.5122928305826854
0.6039817784331405
0.5568711997153555
0.5423925485227562
0.6137793109532063
0.5609942902112305
0.5172367355747545
0.6002720170558967
0.655434478702183
0.6121758031078389
0.5595286840405648
0.5550524545682403
0.6084461600200515
0.5755900673789687
0.5318452222581671
0.5955142720310564
0.5847950151344974
0.5766078849226144
0.6070921172081861
0.6691715626892927
0.6517731020593711
0.551400044342228
0.6339424361832581
0.6932437615215703
0.7404842222472485
0.6975361373569081
0.7550042712590955
0.718764066238659
0.6310748501575425
0.6184533531543916
0.5912414056155985
0.6525551947732587
0.6094865519182237
0.5375671387918732
0.6254293824214173
0.5991613483597178
0.5835831533023651
0.6627023541749157
0.6467974976747177
0.709667543088618
0.6273461080903383
0.5708849583622079
0.562892568945137
0.4998486012232816
0.49285072080615566
0.4356800371926416
0.4086678748866978
0.3923211598912299
0.3883979482923176
0.37674600984354806
0.34434585299700293
0.3209303349932067
0.4322977600543208
0.43143316453421215
0.4159015706109805
0.37431141354988245
0.3653279396246853
0.307606125163985
0.30022357816004935
0.2972213423784489
0.2716603069339023
0.24666755869598328
0.23581418611336002
0.2329844158799997
0.21993728859071973
0.21685816655044965
0.3077026192305975
0.4350853372921676
0.42986431324466157
0.4152489265943431
0.4807410468157767
0.42785953166604124
0.37394923067612
0.3574954645263707
0.47057626276972947
0.4630470425654138
0.5371465506913867
0.5059920507512863
0.47664451180771167
0.46043859840624946
0.532739826219812
0.5274124279576139
0.4736163603059373
0.4726691275853254
0.5391128175095744
0.597184602503368
0.5936014948883478
0.5484877812768334
0.6080873941482914
0.5971418210536221
0.6543476824640078
0.7068868347294786
0.6234741882314001
0.6920018859732853
0.6892338784293921
0.5899841999355596
0.5191860959432925
0.6066942264816132
0.5727193497986429
0.5601195241030728
0.5578790460066605
0.5333323679823674
0.5183990616788611
0.4966263010883489
0.47576799644263823
0.5470635489264395
0.4934513211316484
0.5886824727588985
0.5521841594478468
0.4870264286330009
0.5855173543354647
0.5679518337054008
0.6500409853013747
0.5928373785948537
0.5916517038376641
0.5313032300462224
0.4962372168631717
0.5506435974419491
0.5131998328158965
0.5988766622402988
0.5737238424262062
0.5496274410443055
0.49796246158614077
0.5823047680396691
0.651642176545084
0.6060272241869282
0.5660294273905909
0.642408248169847
0.5820218728418813
0.6564219794760264
0.6012825332000402
0.6738491121576329
0.6630675263631107
0.7102380726722752
0.7594976003179884
0.7898009026779219
0.76768647740294
0.7139484239847342
0.7654377076674821
0.682770435239394
0.6486319134774242
0.5487425988019009
0.6019909721432766
0.5454038207618086
0.45704840179839556
0.42688320727970147
0.3850486529662907
0.4760614523272797
0.541029832238697
0.5020756843175109
0.4639179323093801
0.4342271846415798
0.42380573221018186
0.3805775475247433
0.3577428946732587
0.4078389488887445
0.520349548599883
0.4683145937398947
0.45894830186509683
0.5260387124338248
0.49658054453753064
