0.5
0.45
0.405
0.36450000000000005
0.32805000000000006
0.29524500000000004
0.39109168000000005
0.50191299424
0.47982882249344
0.44048285904897794
0.5445530472658681
0.5271273497533603
0.5134220386597729
0.5031535978865774
0.45082562370637336
0.5353984776555919
0.4882834116218998
0.4296894022272718
0.5403296581951811
0.5122325159690316
0.6058838729029776
0.5586249308165454
0.5150521862128549
0.4779684288055293
0.41870034363364367
0.5012448948376662
0.4521228951435749
0.4231870298543861
0.4138769151975896
0.3890443002857342
0.49046294643830235
0.47476813215227665
0.5682594046291713
0.6174778325014458
0.5372057142762579
0.6205086857065314
0.5870012166783787
0.5
0.472
0.44556799999999996
0.42061619199999994
0.39706168524799995
0.37482623087411193
0.33434499793970784
0.29288621819518407
0.2671122309940079
0.2644411086840678
0.23217929342461152
0.22614263179557162
0.31745780124369416
0.437585228224804
0.4069542622490677
0.38497873208761807
0.36957958280411335
0.3533180811607324
0.33565217710269574
0.30745739422606927
0.2871652062071487
0.2624689984733339
0.2477707345588272
0.23934652958382707
0.2192414210987856
0.21266417846582206
0.20543359639798411
0.2029683932412083
0.17414688140095672
0.16195659970288975
0.14900007172665858
0.14840407143975196
0.13860940272472833
0.13417390183753702
0.25538955558028187
0.39835476090886773
0.36887650860161153
0.3238735745522149
0.31221412586833514
0.40437743300197826
0.5020595339896539
0.5867094132114127
0.6602751376597812
0.6272613807767922
0.6794447874680413
0.7397091674240495
0.7855203539574167
0.7745230690020128
0.7497383307939485
0.6582702544370868
0.5950763100111265
0.49986410040934626
0.5498776903684116
0.5201842950885174
0.5129017149572781
0.6035019959752244
0.5841899321040172
0.5210974194367833
0.4783674310429671
0.47262702187045147
0.5580614443274383
0.506719791449314
0.48341068104264556
0.5454013993175281
0.5061324985666661
0.6019427938447328
0.6536902306449176
0.6040097731159039
0.5738092844601087
0.5462664388060234
0.47962193327168856
0.5774530098166111
0.5208626148545832
0.4927360336524357
0.4858377291813016
0.47903600097276333
0.5738514487957204
0.6411829198859965
0.557829140300817
0.5053932011125402
0.5884871433256335
0.5802483233190746
0.5744458400858838
0.6374278557531731
0.5647610801973113
0.5856525483478403
0.5376290393833174
0.5042960389415517
0.5925313440099556
0.6577263289683627
0.5709064535445388
0.6481432919065219
0.6183287004788218
0.5923588950587113
0.6575814718493175
0.7123684363534267
0.7537873815185333
0.7402192086511997
0.788018874259379
0.7218252888215911
0.7030578313122298
0.6988394843243564
0.6611021521708411
0.7132924207365315
0.6747746300167589
0.5884034773746137
0.5872266704198645
0.5449463501496343
0.523148496143649
0.5137318232130633
0.6022326313882858
0.5191245282567023
0.5941411018486568
0.5489863781081589
0.48091206722274715
0.4453245742482639
0.4105892574568993
0.362960903591899
0.3179537515465035
0.3065074164908294
0.28076079350559974
0.26896884017836453
0.2329270155944637
0.2077708979102616
0.19447356044400485
0.18980619499334872
0.17348286222392073
0.15786940462376786
0.23029263582612383
0.365761131920726
0.3489361198523726
0.3906042081818208
0.35466862102909325
0.4501776651167875
0.5568431980841307
0.5535021388956259
0.5291480447842184
0.603542653708312
0.535945876492981
0.5316583094810371
0.5146452435776439
0.6068626472978915
0.525543052559974
0.6005072502554981
0.5632758007396572
0.5903527010937984
0.6526190905275411
0.7172319396894185
0.7489019624442036
0.7339239231953195
0.7828819213273808
0.8167523416003094
0.7987837900851026
0.7460640599394859
0.6669812695859003
0.6309642810282617
0.6069876383491878
0.6486469486841739
0.5643228453552314
0.6244462926962094
0.6770238117187402
0.6133835734171786
0.6767886673767614
0.7356131299141908
0.6649942694424285
0.6556843496702345
0.7031999094157422
0.6666335141261236
0.6426347076175831
0.7062457296616533
0.6624584944226308
0.6200611507795825
0.59401858244684
0.5263004640479002
0.615355976806895
0.5587432269406607
0.6037514177927134
0.5385462646711003
0.6169933996770133
0.685168574534505
0.6248737399754686
0.6123762651759592
0.639509926613642
0.5909071721910052
0.609725442270219
0.5719224648494654
0.5559086358336803
0.5347841076720005
0.5176710162264965
0.46072720444158183
0.4386122986283859
0.4333489510448453
0.3830804727236432
0.35626483963298816
0.3348889492550089
0.3268516144728887
0.4466720270967145
0.3814579111405942
0.3669625105172516
0.4885057084979393
0.4699424915750176
0.45302456187831697
0.5044402530617552
0.4933425674943966
0.4380881999350242
0.4987746743420416
0.45887270039467826
0.5400417953354766
0.48711769939259986
0.41989545687642105
0.41401692048015115
0.37923949915981847
0.37468862516990065
0.32148284039577474
0.292549384760155
0.4142308905814084
0.5208408684955921
0.5965480112732886
0.5738791868449036
0.6216047179182744
0.5780923876639952
0.5561248769327634
0.6369101493310004
0.5630285720086043
0.5562722291445011
0.5462593290199002
0.5047436200143878
0.46739259213332307
0.4440229625266569
0.40050871219904455
0.37087106749631527
0.49040556467201535
0.43351851917006157
0.5298203709111511
0.4778979745618583
0.4119480540723218
0.4078285735315986
0.4990229732077324
0.5511245839941282
0.4783761389069033
0.5712251861814746
0.629538560860794
0.5879890158439816
0.5585895650517825
0.6353949807327723
0.7024823042779422
0.6519035783699304
0.6943713418087989
0.6124355234753607
0.5928375867241491
0.5786094846427695
0.6291763464856371
0.6759001268284469
0.6069583138919453
0.6580537330859925
0.7072939955216095
0.6860751756559612
0.5982575531719982
0.5444143733865184
0.604551676099498
0.587624229168712
0.5805727384186875
