0.5
0.5800000000000001
0.6472000000000001
0.703648
0.75106432
0.7908940288
0.7355314467840001
0.6428544844892161
0.6107117602647553
0.6644335373482191
0.6405139300036832
0.5469988962231455
0.5778029712799716
0.628466614726375
0.5995571504489617
0.5455970069085552
0.6319335755959297
0.6129755683280518
0.5553558649052149
0.6327239444117075
0.6213349134122969
0.6781346764004523
0.7167585152323981
0.7660425335819608
0.80909070740288
0.721708911003369
0.6524248555470455
0.6511200058359514
0.6860080052523563
0.6036870446220735
0.5650510737662607
0.6198546384717118
0.5231573148701247
0.4802584150507745
0.45048239331762646
0.4306611680116509
0.5388355460894372
0.5
0.46299999999999997
0.42873799999999995
0.39701138799999997
0.36763254528799993
0.34042773693668793
0.331576615776334
0.319639857608386
0.2825616341258132
0.2656079360782644
0.4022048599677072
0.3732461100500323
0.3441329134661298
0.3097196221195168
0.2669783142670235
0.36813530689817425
0.3504648121670619
0.46738114597699076
0.42812112971492355
0.4041463464508878
0.49471610179035286
0.4838323475509651
0.4306107893203589
0.5251293982931793
0.5230288807000065
0.4634035883002058
0.44486744476819756
0.4981601700704506
0.4254287852401648
0.41266592168295985
0.4843206792376388
0.40779801191809184
0.3547842703687399
0.43479102084301613
0.4156602159259234
0.41150361376666417
0.4927161150668645
0.47990549607512606
0.4578298432556703
0.4157094976761486
0.3624986819736016
0.32624881377624143
0.2890564490057499
0.4084949655727839
0.36682847908435995
0.3162061489707183
0.2991310169262995
0.4098683162519442
0.40494989645692087
0.5013480132308997
0.5701619874050355
0.6518312097980787
0.6283652862453479
0.6107710582304782
0.6083279739975562
0.5085621862619569
0.5636032214006178
0.5252782023453758
0.44018313356542493
0.5331127333935644
0.463808078052401
0.5517435532518072
0.5362947337607566
0.48802820772228855
0.47729158715239817
0.4658365890607406
0.43043300829212433
0.5261202628990475
0.4977097687024989
0.4768059584169939
0.46726983924865406
0.4261500933947725
0.5133752791987671
0.5659307490453003
0.5138651201331327
0.5056432782110025
0.4277742133665081
0.42520756808630905
0.4099000956352019
0.3582526835851665
0.31597886692211685
0.270477910085332
0.2510035005591881
0.24046135353570217
0.21497245006091772
0.21067300105969938
0.3259147429049833
0.4485982596962763
0.38310291378061995
0.34249400491987425
0.4674201439850981
0.44124461592193265
0.4112399820392412
0.45834078347610197
0.4464239231057233
0.39910298725651666
0.3647801303524562
0.3363272801849646
0.29395004288165905
0.40409383619212025
0.3968201471406621
0.38253462184359827
0.3511667828524232
0.3497621157210135
0.4069830495375643
0.4004713207449633
0.5023911962183195
0.5601138174569944
0.5052226633462089
0.5011808820394392
0.45006043207141644
0.5369508838041327
0.47573848305046157
0.44909712799963575
0.553768673679705
0.6001767316170157
0.5533629465508885
0.6283979715303392
0.6967727447687567
0.6772631079152316
0.6718450030519098
0.702035262771134
0.7562648449467877
0.7487021964973198
0.7487021964973198
0.6588579329176415
0.7141229477849835
0.6898427675602941
0.6581100002525205
0.6554775602515105
0.7009545222983111
0.675720159495572
0.6311226289688642
0.6159756858736114
0.591336658438667
0.5440297257635737
0.6023939208658362
0.5758885883477394
0.5758885883477394
0.6064246099867021
0.6039989115467553
0.5206470617533031
0.5954261201197878
0.5549371439516422
0.6368287094645401
0.6253657926941784
0.5478204344001002
0.5018035179104918
0.4787205560866092
0.5767210915423266
0.5513453635144643
0.49290275498193103
0.5780950921449666
0.5249103436676297
0.5847716403655083
0.6287858464867645
0.6763012581364587
0.620844554969269
0.6898508459648621
0.6525989002827596
0.6043065816618354
0.6502070181890625
0.6241987374615
0.525575336942583
0.6147671735973773
0.670240700599355
0.6206428887550027
0.6181603171999828
0.5699438124583841
0.5209286445869631
0.5697939228390928
0.5390250510057818
0.5989517943750302
0.6703383749762748
0.6327994259776034
0.593565861566992
0.5615133050423744
0.5412988260608489
0.46768218571657344
0.4611346351165414
0.5268762096323234
0.5194999426974709
0.5080709439581266
0.5887473091489939
0.5875698145306959
0.5805189767563276
0.5468488761044605
0.6075711267064628
0.6538777337551003
0.6486467118850595
0.6788630946629444
0.6625703803910337
0.6400429874577385
0.6933166253139932
0.6517176277951536
0.7032634188814709
0.6202783354534573
0.6939443383754866
0.5954042423261675
0.5311005841549414
0.5798661234028275
0.6554902211903185
0.6135388470341382
0.6807830876501981
0.7401574333472613
0.7268345995470106
0.6701415007823437
0.5964259356962859
0.5045763415990578
0.5838441269432086
0.6604168075856582
0.5983376276726063
0.6288639679694883
0.5295034610303091
0.6019599280316414
0.5694540919179328
0.5113697745423037
0.4888695044624423
0.4673592462660949
0.4281010695797429
0.39727779257000145
0.46116634655758126
0.42704003691232023
0.5049625918922447
0.4372976045786839
0.4224294860230086
0.5055996400356954
0.5847036976299841
0.5297415500527656
0.5993398006449563
0.5717701698152883
0.5065883704563454
0.4316132916288063
0.41866489287994213
0.4027556269505043
0.3890619356341872
0.37038696272374616
0.3481637449603214
0.3307555577123053
0.2811422240554595
0.2800176551592377
0.2559361368155433
0.39582014309422114
0.3799873373704523
0.3731475652977842
0.3619531383388507
0.42575782450496563
0.4002123550346677
0.35939069482113156
0.3248891881183029
0.41805448015797714
0.4172183711976612
0.38217202801705763
0.48843843919812374
0.4474096103054813
0.42772358745204014
0.40719285525434223
0.3575153269133125
0.4770174761074364
0.4369480081144117
0.40985723161131815
0.48775607703862417
