0.7
0.58
0.54
0.52
0.54
0.55
0.51
0.51
0.55
0.55
0.53
0.55
0.55
0.53
0.55
0.53
0.53
0.56
0.56
0.58
0.57
0.56
0.55
0.57
0.61
0.6
0.63
0.62
0.65
0.62
0.64
0.6
0.57
0.54
0.54
0.51
0.51
0.5
0.52
0.6
0.6
0.59
0.58
0.58
0.58
0.55
0.53
0.49
0.48
0.47
0.46
0.48
0.47
0.51
0.53
0.56
0.57
0.61
0.6
0.58
0.56
0.57
0.55
0.56
0.56
0.58
0.57
0.55
0.54
0.56
0.57
0.58
0.59
0.57
0.57
0.57
0.55
0.56
0.55
0.55
0.53
0.55
0.56
0.58
0.53
0.57
0.53
0.51
0.51
0.57
0.54
0.58
0.6
0.59
0.58
0.58
0.57
0.57
0.56
0.53
0.54
0.53
0.53
0.49
0.52
0.52
0.56
0.59
0.58
0.62
0.62
0.62
0.58
0.59
0.58
0.57
0.56
0.58
0.58
0.54
0.52
0.54
0.52
0.53
0.55
0.56
0.54
0.54
0.51
0.51
0.49
0.52
0.54
0.5
0.51
0.5
0.46
0.49
0.52
0.56
0.55
0.59
0.59
0.57
0.54
0.53
0.52
0.54
0.57
0.58
0.57
0.58
0.56
0.55
0.57
0.6
0.58
0.59
0.58
0.53
0.54
0.58
0.55
0.54
0.57
0.54
0.51
0.5
0.51
0.49
0.5
0.51
0.53
0.53
0.55
0.53
0.52
0.52
0.5
0.51
0.53
0.54
0.55
0.57
0.6
0.56
0.55
0.52
0.54
0.52
0.53
0.49
0.53
0.52
0.52
0.55
0.54
0.5
0.51
0.51
0.5
0.52
0.56
0.56
0.56
0.54
0.55
0.5
0.51
0.54
0.54
0.54
0.59
0.59
0.57
0.58
0.57
0.55
0.54
0.53
0.53
0.53
0.54
0.55
0.55
0.52
0.5
0.52
0.54
0.55
0.55
0.57
0.58
0.55
0.53
0.55
0.55
0.52
0.53
0.53
0.54
0.53
0.53
0.51
0.53
0.53
0.54
0.57
0.58
0.57
0.55
0.54
0.54
0.55
0.55
0.58
0.55
0.51
0.49
0.51
0.51
0.53
0.53
0.5
0.47
0.47
0.46
0.49
0.49
0.5
0.49
0.48
0.48
0.49
0.51
0.51
0.54
0.51
0.49
0.51
0.52
0.48
0.5
0.52
0.49
0.51
0.52
0.51
0.51
0.51
0.53
0.56
0.57
0.54
0.55
0.54
0.52
0.51
0.51
