0.52
0.54
0.53
0.56
0.53
0.5
0.5
0.48
0.44
0.44
0.47
0.52
0.51
0.56
0.54
0.49
0.47
0.41
0.4
0.42
0.43
0.46
0.5
0.51
0.48
0.52
0.52
0.48
0.47
0.46
0.48
0.52
0.54
0.55
0.6
0.55
0.54
0.78
0.57
0.58
0.59
0.57
0.52
0.57
0.56
0.53
0.57
0.57
0.55
0.52
0.55
0.52
0.53
0.55
0.57
0.56
0.57
0.57
0.6
0.61
0.62
0.59
0.56
0.59
0.53
0.55
0.54
0.53
0.47
0.46
0.42
0.47
0.41
0.42
0.4
0.42
0.46
0.49
0.49
0.56
0.52
0.44
0.48
0.5
0.46
0.48
0.51
0.54
0.55
0.57
0.61
0.62
0.58
0.58
0.62
0.6
0.59
0.57
0.51
0.56
0.53
0.55
0.58
0.63
0.64
0.6
0.6
0.57
0.54
0.51
0.55
0.57
0.55
0.56
0.53
0.51
0.53
0.53
0.54
0.52
0.55
0.55
0.55
0.55
0.58
0.57
0.56
0.56
0.53
0.48
0.44
0.49
0.52
0.5
0.53
0.52
0.45
0.47
0.55
0.55
0.51
0.53
0.57
0.59
0.57
0.61
0.62
0.56
0.54
0.53
0.53
0.51
0.55
0.59
0.59
0.57
0.61
0.56
0.58
0.61
0.63
0.6
0.57
0.56
0.54
0.52
0.53
0.52
0.54
0.52
0.48
0.51
0.54
0.52
0.54
0.57
0.62
0.62
0.58
0.59
0.55
0.51
0.54
0.56
0.52
0.52
0.53
0.48
0.5
0.51
0.5
0.46
0.47
0.47
0.51
0.5
0.49
0.5
0.5
0.53
0.56
0.59
0.62
0.57
0.52
0.52
0.46
0.46
0.51
0.52
0.49
0.54
0.52
0.5
0.45
0.44
0.4
0.39
0.43
0.47
0.5
0.55
0.55
0.57
0.56
0.51
0.51
0.51
0.47
0.48
0.53
0.52
0.53
0.53
0.59
0.56
0.55
0.55
0.54
0.49
0.51
0.52
0.48
0.48
0.52
0.5
0.49
0.46
0.47
0.45
0.51
0.5
0.51
0.52
0.51
0.51
0.5
0.55
0.54
0.58
0.56
0.59
0.59
0.63
0.57
0.6
0.55
0.54
0.56
0.58
0.61
0.61
0.64
0.63
0.59
0.56
0.51
0.49
0.44
0.45
0.49
0.54
0.63
0.62
0.6
0.55
0.54
0.41
0.46
0.46
0.52
0.49
0.6
0.58
0.57
0.56
0.56
0.57
0.57
