0.4
0.56
0.6
0.57
0.52
0.54
0.55
0.51
0.52
0.5
0.5
0.44
0.45
0.51
0.57
0.65
0.72
0.66
0.63
0.52
0.52
0.44
0.43
0.47
0.5
0.58
0.55
0.51
0.54
0.52
0.44
0.42
0.47
0.44
0.39
0.47
0.46
0.5
0.67
0.57
0.49
0.53
0.55
0.53
0.51
0.58
0.61
0.59
0.57
0.58
0.64
0.59
0.54
0.56
0.5
0.5
0.51
0.54
0.49
0.53
0.47
0.43
0.41
0.47
0.42
0.45
0.43
0.48
0.51
0.54
0.53
0.56
0.59
0.62
0.6
0.62
0.61
0.55
0.49
0.49
0.5
0.51
0.56
0.52
0.5
0.48
0.48
0.45
0.49
0.5
0.5
0.54
0.59
0.52
0.57
0.58
0.6
0.6
0.63
0.62
0.6
0.58
0.53
0.51
0.5
0.48
0.47
0.5
0.48
0.48
0.47
0.48
0.48
0.54
0.48
0.43
0.53
0.5
0.49
0.51
0.5
0.51
0.57
0.52
0.56
0.59
0.51
0.53
0.58
0.56
0.62
0.65
0.63
0.6
0.56
0.55
0.54
0.55
0.56
0.56
0.49
0.41
0.41
0.43
0.4
0.45
0.47
0.51
0.46
0.46
0.44
0.45
0.4
0.48
0.55
0.55
0.55
0.54
0.51
0.48
0.49
0.45
0.48
0.49
0.47
0.53
0.55
0.56
0.58
0.57
0.58
0.56
0.54
0.54
0.58
0.53
0.57
0.6
0.58
0.59
0.6
0.61
0.58
0.57
0.57
0.57
0.57
0.53
0.51
0.49
0.47
0.43
0.45
0.52
0.47
0.53
0.58
0.59
0.6
0.62
0.6
0.57
0.58
0.54
0.51
0.48
0.47
0.48
0.46
0.51
0.52
0.56
0.54
0.57
0.53
0.52
0.55
0.53
0.55
0.57
0.59
0.56
0.49
0.48
0.44
0.41
0.41
0.43
0.5
0.51
0.58
0.6
0.6
0.59
0.6
0.6
0.51
0.51
0.5
0.47
0.48
0.51
0.43
0.42
0.41
0.41
0.39
0.42
0.42
0.46
0.49
0.49
0.49
0.49
0.47
0.49
0.49
0.58
0.59
0.59
0.56
0.6
0.56
0.56
0.57
0.6
0.61
0.58
0.5
0.51
0.55
0.51
0.55
0.61
0.59
0.59
0.52
0.58
0.56
0.55
0.57
0.54
0.52
0.49
0.53
0.52
0.54
0.57
0.6
0.55
0.54
0.58
0.56
0.52
0.58
0.58
0.52
0.49
0.47
