0.5249999999999999
0.44
0.44
0.44
0.41000000000000003
0.39
0.41500000000000004
0.41500000000000004
0.395
0.41500000000000004
0.44999999999999996
0.515
0.555
0.5700000000000001
0.5700000000000001
0.435
0.425
0.355
0.355
0.42
0.42
0.41
0.42
0.42
0.41
0.575
0.575
0.55
0.55
0.49
0.55
0.55
0.565
0.5549999999999999
0.605
0.515
0.485
0.78
0.52
0.57
0.6299999999999999
0.59
0.5
0.59
0.605
0.55
0.605
0.64
0.615
0.46499999999999997
0.575
0.535
0.535
0.5900000000000001
0.6000000000000001
0.5700000000000001
0.5700000000000001
0.5449999999999999
0.6
0.625
0.655
0.595
0.595
0.665
0.54
0.6
0.6
0.6
0.375
0.355
0.345
0.385
0.37
0.37
0.375
0.39
0.415
0.495
0.495
0.625
0.58
0.44999999999999996
0.5249999999999999
0.585
0.375
0.445
0.525
0.525
0.5
0.6100000000000001
0.73
0.64
0.535
0.515
0.545
0.545
0.5449999999999999
0.58
0.5349999999999999
0.6
0.57
0.57
0.585
0.6
0.6
0.6
0.6
0.59
0.5449999999999999
0.53
0.565
0.54
0.53
0.53
0.51
0.51
0.54
0.54
0.5800000000000001
0.5349999999999999
0.6
0.6
0.5800000000000001
0.545
0.5800000000000001
0.575
0.545
0.51
0.535
0.43
0.39
0.425
0.5
0.43
0.43
0.42
0.365
0.385
0.565
0.565
0.45499999999999996
0.515
0.6599999999999999
0.635
0.59
0.665
0.62
0.55
0.56
0.56
0.56
0.5549999999999999
0.625
0.66
0.6699999999999999
0.645
0.695
0.62
0.575
0.63
0.635
0.625
0.625
0.605
0.575
0.5
0.5
0.5
0.555
0.49
0.425
0.49
0.555
0.51
0.605
0.605
0.7
0.7
0.6
0.6
0.6
0.49
0.5700000000000001
0.5900000000000001
0.47500000000000003
0.525
0.555
0.45
0.45
0.53
0.38
0.38
0.42
0.445
0.495
0.515
0.545
0.525
0.51
0.5549999999999999
0.59
0.605
0.655
0.6
0.545
0.515
0.39
0.435
0.475
0.48
0.455
0.535
0.46
0.46
0.425
0.395
0.355
0.33999999999999997
0.33999999999999997
0.425
0.5900000000000001
0.635
0.63
0.635
0.605
0.565
0.555
0.565
0.5
0.455
0.505
0.505
0.55
0.55
0.5800000000000001
0.5800000000000001
0.5900000000000001
0.64
0.665
0.54
0.545
0.545
0.42
0.44499999999999995
0.48
0.48
0.48
0.475
0.48
0.365
0.51
0.51
0.5549999999999999
0.5549999999999999
0.505
0.54
0.44999999999999996
0.505
0.505
0.645
0.6000000000000001
0.69
0.66
0.66
0.57
0.615
0.55
0.51
0.5549999999999999
0.605
0.6599999999999999
0.63
0.6599999999999999
0.63
0.625
0.58
0.515
0.45999999999999996
0.41500000000000004
0.4
0.445
0.5
0.71
0.65
0.5800000000000001
0.47
0.47
0.385
0.42
0.4
0.43
0.43
0.52
0.52
0.535
0.5900000000000001
0.62
0.62
0.6
