0.4
0.59
0.68
0.68
0.5449999999999999
0.5549999999999999
0.6000000000000001
0.485
0.495
0.49
0.49
0.45999999999999996
0.41000000000000003
0.47
0.54
0.73
0.835
0.82
0.665
0.535
0.535
0.43000000000000005
0.43000000000000005
0.48
0.48
0.55
0.49
0.49
0.53
0.55
0.5
0.41
0.53
0.355
0.295
0.4
0.4
0.5
0.76
0.61
0.45
0.5549999999999999
0.615
0.61
0.55
0.615
0.62
0.585
0.5700000000000001
0.585
0.66
0.555
0.505
0.535
0.505
0.46499999999999997
0.495
0.54
0.54
0.55
0.505
0.44499999999999995
0.42
0.42
0.375
0.455
0.385
0.445
0.475
0.56
0.575
0.59
0.61
0.66
0.66
0.7050000000000001
0.645
0.58
0.435
0.435
0.49
0.49
0.565
0.45499999999999996
0.45499999999999996
0.435
0.47
0.435
0.53
0.56
0.56
0.56
0.655
0.535
0.655
0.625
0.665
0.6499999999999999
0.675
0.625
0.59
0.485
0.46
0.46
0.435
0.425
0.425
0.475
0.41500000000000004
0.475
0.46
0.46
0.46
0.585
0.485
0.39
0.56
0.54
0.5
0.51
0.51
0.51
0.63
0.56
0.7
0.77
0.41
0.505
0.655
0.61
0.685
0.7
0.655
0.655
0.63
0.6
0.58
0.58
0.58
0.58
0.355
0.29000000000000004
0.315
0.355
0.355
0.415
0.44499999999999995
0.475
0.43
0.425
0.425
0.39
0.31
0.405
0.59
0.48
0.495
0.48
0.475
0.475
0.495
0.485
0.46499999999999997
0.46499999999999997
0.43
0.51
0.6
0.615
0.615
0.5349999999999999
0.5349999999999999
0.495
0.45499999999999996
0.45499999999999996
0.625
0.5449999999999999
0.625
0.63
0.625
0.665
0.625
0.6
0.565
0.565
0.565
0.565
0.57
0.5549999999999999
0.47
0.445
0.445
0.42000000000000004
0.445
0.515
0.515
0.6
0.65
0.685
0.665
0.675
0.675
0.655
0.675
0.575
0.5
0.445
0.435
0.435
0.415
0.435
0.445
0.485
0.44
0.56
0.485
0.445
0.5
0.5
0.47
0.55
0.645
0.525
0.485
0.485
0.435
0.4
0.4
0.425
0.52
0.5549999999999999
0.595
0.615
0.6
0.58
0.54
0.54
0.455
0.455
0.46499999999999997
0.45999999999999996
0.455
0.545
0.365
0.275
0.36
0.415
0.315
0.32
0.32
0.33999999999999997
0.345
0.355
0.445
0.52
0.43
0.52
0.53
0.61
0.64
0.64
0.5900000000000001
0.64
0.515
0.505
0.5449999999999999
0.625
0.665
0.65
0.4
0.495
0.59
0.54
0.58
0.625
0.625
0.635
0.52
0.635
0.5700000000000001
0.5700000000000001
0.5700000000000001
0.54
0.51
0.495
0.56
0.535
0.5449999999999999
0.615
0.645
0.63
0.635
0.64
0.635
0.5800000000000001
0.63
0.63
0.61
0.5
0.475
