0.48500000000000004
0.62
0.44
0.51
0.655
0.6699999999999999
0.6699999999999999
0.69
0.69
0.5800000000000001
0.385
0.41
0.385
0.55
0.5549999999999999
0.81
0.74
0.725
0.74
0.74
0.6950000000000001
0.685
0.575
0.525
0.525
0.53
0.53
0.505
0.47
0.475
0.43
0.41000000000000003
0.41000000000000003
0.52
0.435
0.435
0.445
0.41
0.41
0.55
0.545
0.56
0.545
0.545
0.48
0.405
0.405
0.425
0.4
0.42
0.66
0.66
0.5900000000000001
0.47
0.68
0.625
0.625
0.6699999999999999
0.6699999999999999
0.575
0.51
0.51
0.47
0.45
0.45999999999999996
0.49
0.425
0.525
0.49
0.525
0.5900000000000001
0.6100000000000001
0.675
0.675
0.5700000000000001
0.43
0.49
0.44999999999999996
0.405
0.54
0.545
0.45999999999999996
0.475
0.565
0.51
0.435
0.435
0.62
0.43500000000000005
0.365
0.43
0.43
0.39
0.45
0.505
0.575
0.605
0.645
0.645
0.645
0.645
0.705
0.72
0.43
0.605
0.52
0.45999999999999996
0.52
0.45999999999999996
0.405
0.465
0.485
0.52
0.52
0.52
0.45
0.405
0.405
0.485
0.54
0.555
0.55
0.55
0.555
0.565
0.55
0.54
0.575
0.505
0.505
0.54
0.5700000000000001
0.5700000000000001
0.555
0.56
0.56
0.6000000000000001
0.52
0.555
0.58
0.575
0.505
0.56
0.51
0.42000000000000004
0.42000000000000004
0.47
0.41000000000000003
0.4
0.43
0.48
0.535
0.46
0.535
0.535
0.525
0.525
0.625
0.67
0.75
0.81
0.765
0.6799999999999999
0.745
0.605
0.5549999999999999
0.625
0.625
0.59
0.6
0.56
0.515
0.375
0.5449999999999999
0.595
0.675
0.705
0.77
0.71
0.63
0.55
0.52
0.51
0.54
0.5449999999999999
0.5700000000000001
0.535
0.505
0.52
0.54
0.48
0.54
0.565
0.59
0.58
0.605
0.58
0.6
0.605
0.625
0.61
0.61
0.625
0.555
0.54
0.52
0.5
0.5
0.595
0.575
0.575
0.635
0.575
0.545
0.565
0.54
0.575
0.605
0.56
0.515
0.62
0.58
0.58
0.59
0.59
0.59
0.59
0.595
0.595
0.615
0.615
0.62
0.52
0.55
0.515
0.45999999999999996
0.505
0.505
0.475
0.5
0.52
0.5249999999999999
0.61
0.635
0.63
0.64
0.64
0.6000000000000001
0.435
0.39
0.36
0.365
0.41000000000000003
0.42
0.5
0.535
0.535
0.61
0.635
0.67
0.685
0.665
0.64
0.64
0.6
0.5700000000000001
0.58
0.6
0.6
0.5449999999999999
0.68
0.625
0.52
0.47
0.47
0.405
0.395
0.395
0.395
0.51
0.51
0.505
0.5
0.5
0.505
0.505
0.59
0.59
0.43
0.33499999999999996
0.335
0.355
0.455
0.455
0.5449999999999999
0.61
0.5700000000000001
0.43999999999999995
0.505
